avg_reprojection_error: 0.26882578210916547
camera_matrix:
- - 2760.6762183439964
  - 0.0
  - 473.6877013950758
- - 0.0
  - 2770.3117600502924
  - 429.24481359176065
- - 0.0
  - 0.0
  - 1.0
dist_coeffs:
- - -0.7180022230212981
  - 1.6520017900549782
  - 0.0012232543518087692
  - 0.040000761806866715
  - -10.968921551681332
image_height: 1280
image_width: 960
